{
 "cells": [
  {
   "cell_type": "markdown",
   "metadata": {},
   "source": [
    "## Demystifying the mathematics behind PCA"
   ]
  },
  {
   "cell_type": "markdown",
   "metadata": {},
   "source": [
    "We all know PCA and we all love PCA. Our friend that helps us deal with the curse of dimensionality. All data scientists have probably used [PCA](https://scikit-learn.org/stable/modules/generated/sklearn.decomposition.PCA.html). I thought I knew PCA."
   ]
  },
  {
   "cell_type": "markdown",
   "metadata": {},
   "source": [
    "Until I was asked to explain the mathematics behind PCA in an interview and all I could murmur was that it somehow maximizes the variance of the new features. The interviewer was even kind enough to throw me a hint about projections. To my chagrin, I couldn't figure it out even then and had to admit I was stumped. To rub salt in my wounds, I knew that I was taught the mathematics behind PCA during the first year of my Master's course. So here's a post to make sure that doesn't happen to you, dear reader, and hopefully me as well.  "
   ]
  },
  {
   "cell_type": "markdown",
   "metadata": {},
   "source": [
    "WARNING: This post will be long and mathematical as the title suggests."
   ]
  },
  {
   "cell_type": "markdown",
   "metadata": {},
   "source": [
    "<hr>"
   ]
  },
  {
   "cell_type": "markdown",
   "metadata": {},
   "source": [
    "## Introducing PCA"
   ]
  },
  {
   "cell_type": "markdown",
   "metadata": {},
   "source": [
    "PCA stands for Principal Component Analysis. If you have multidimensional data that's giving you a hard time when you try to train a model on it, PCA could be the answer. You could also visualize high dimensional data using PCA, which is done often in [NLP](https://necromuralist.github.io/Neurotic-Networking/posts/nlp/pca-dimensionality-reduction-and-word-vectors/index.html)."
   ]
  },
  {
   "cell_type": "code",
   "execution_count": 87,
   "metadata": {},
   "outputs": [],
   "source": [
    "# there's no understanding without doing, so let's write some code\n",
    "import numpy as np\n",
    "import matplotlib.pyplot as plt\n",
    "import matplotlib.colors as mcolors\n",
    "import seaborn as sns\n",
    "import random\n",
    "sns.set_style(\"darkgrid\")\n",
    "from sklearn.datasets import load_wine\n",
    "np.random.seed(420)"
   ]
  },
  {
   "cell_type": "markdown",
   "metadata": {},
   "source": [
    "We have a set of data, that we will call $x$. $x$ is $(k,m)$ dimensional, hence every point in $x$ will be such that $x_i \\in \\mathbb{R}^m$ (just a fancy way of saying we pick any point from x and that point is a real number in $m$ dimensions). We have $k$ such $m$ dimensional points. Our goal is to represent $x$ in less than $m$ dimensions. This is by no means going to be a perfect transition. Say we project down from $m$ dimensions to $n$ dimensions. By definition, $n<m$."
   ]
  },
  {
   "cell_type": "code",
   "execution_count": 17,
   "metadata": {},
   "outputs": [
    {
     "data": {
      "text/plain": [
       "(10, 10)"
      ]
     },
     "execution_count": 17,
     "metadata": {},
     "output_type": "execute_result"
    }
   ],
   "source": [
    "# say D=10, i.e we have 10 dimensional data.\n",
    "x = np.random.rand(10,10)\n",
    "# for the geeks amongst us this is from a continuous uniform distrbution from [0, 1)\n",
    "x.shape\n",
    "# so we have 10 (k=10) data points each of which have 10 dimensions (m=10)"
   ]
  },
  {
   "cell_type": "markdown",
   "metadata": {},
   "source": [
    "The typical approach is to maximize the variance of the $n$ dimensional data in such a way that it captures as much of the variance of the $m$ dimensional data as possible. Let's call $z$ the co-ordinates of the projection of $x$ into the lower $n$ dimensional space."
   ]
  },
  {
   "cell_type": "markdown",
   "metadata": {},
   "source": [
    "[Harold Hotelling](https://en.wikipedia.org/wiki/Harold_Hotelling) is credited with coming up with the idea of minimizing the variance in 1933. Mr.Hotelling was quite the madlad, since he also came up with the T-square distribution amongst other laws, lemmas and rules. He wrote presciently in his original paper, 90 years ago: \n",
    ">\"It is natural to ask whether some more fundamental set of independent variables exists, perhaps fewer in number than the $x$'s, which determine the values the $x$'s will take.\""
   ]
  },
  {
   "cell_type": "markdown",
   "metadata": {},
   "source": [
    "<hr>"
   ]
  },
  {
   "cell_type": "markdown",
   "metadata": {},
   "source": [
    "## Gentle math"
   ]
  },
  {
   "cell_type": "markdown",
   "metadata": {},
   "source": [
    "Let's introduce the mean. This is our \"average\" friend.\n",
    "$$\\bar{x}=\\frac{1}{n}\\sum_{i}^{n}x_i$$"
   ]
  },
  {
   "cell_type": "code",
   "execution_count": 18,
   "metadata": {},
   "outputs": [
    {
     "data": {
      "text/plain": [
       "0.48955083684170964"
      ]
     },
     "execution_count": 18,
     "metadata": {},
     "output_type": "execute_result"
    }
   ],
   "source": [
    "# in numpy if we don't define the axis\n",
    "# it will compute the mean of all the 100 elements that we entered\n",
    "x.mean()"
   ]
  },
  {
   "cell_type": "code",
   "execution_count": 19,
   "metadata": {},
   "outputs": [
    {
     "data": {
      "text/plain": [
       "array([0.50299989, 0.46627609, 0.62990129, 0.5188987 , 0.43764572,\n",
       "       0.59755813, 0.48329069, 0.47277132, 0.46266469, 0.32350185])"
      ]
     },
     "execution_count": 19,
     "metadata": {},
     "output_type": "execute_result"
    }
   ],
   "source": [
    "# since we're dealing with components,\n",
    "# we are more interested in the columwise or featurewise mean\n",
    "x.mean(axis=0)"
   ]
  },
  {
   "cell_type": "code",
   "execution_count": 20,
   "metadata": {},
   "outputs": [
    {
     "name": "stdout",
     "output_type": "stream",
     "text": [
      "0.5029998856345316\n",
      "0.4662760922130609\n",
      "0.6299012923571106\n",
      "0.5188986993892943\n",
      "0.4376457212611754\n",
      "0.5975581266463694\n",
      "0.48329069068570707\n",
      "0.47277132022054413\n",
      "0.46266468509761466\n",
      "0.3235018549116885\n"
     ]
    }
   ],
   "source": [
    "# if you're paranoid and you'd like to check the values, here you go:\n",
    "for i in range(0,10):\n",
    "    print(x[:,i].sum()/10)"
   ]
  },
  {
   "cell_type": "markdown",
   "metadata": {},
   "source": [
    "### Standard deviation"
   ]
  },
  {
   "cell_type": "markdown",
   "metadata": {},
   "source": [
    "The standard deviation is just how much each point deviates from the mean. It measures how spread out our data is. Standard deviation is denoted as $\\sigma$."
   ]
  },
  {
   "cell_type": "markdown",
   "metadata": {},
   "source": [
    "$$\\sigma=\\sqrt{\\frac{1}{n}\\sum_{i}^{n}(x_i - \\bar{x})^2}$$"
   ]
  },
  {
   "cell_type": "code",
   "execution_count": 21,
   "metadata": {},
   "outputs": [
    {
     "data": {
      "text/plain": [
       "array([0.25282779, 0.31208093, 0.24974188, 0.31661173, 0.30802279,\n",
       "       0.25662288, 0.1512335 , 0.22761326, 0.22715909, 0.3097734 ])"
      ]
     },
     "execution_count": 21,
     "metadata": {},
     "output_type": "execute_result"
    }
   ],
   "source": [
    "x.std(axis=0)"
   ]
  },
  {
   "cell_type": "code",
   "execution_count": 22,
   "metadata": {},
   "outputs": [],
   "source": [
    "# say we have some different data:\n",
    "y = np.array([1]*6)\n",
    "z = np.array([0]*3+[1]*3)\n",
    "w = np.arange(1,7)\n",
    "arrays = [y, z, w]"
   ]
  },
  {
   "cell_type": "code",
   "execution_count": 23,
   "metadata": {},
   "outputs": [
    {
     "name": "stdout",
     "output_type": "stream",
     "text": [
      "1.0\n",
      "0.5\n",
      "3.5\n"
     ]
    }
   ],
   "source": [
    "# we can check their means:\n",
    "for _ in arrays:\n",
    "    print(_.mean())"
   ]
  },
  {
   "cell_type": "code",
   "execution_count": 24,
   "metadata": {},
   "outputs": [
    {
     "name": "stdout",
     "output_type": "stream",
     "text": [
      "0.0\n",
      "0.5\n",
      "1.707825127659933\n"
     ]
    }
   ],
   "source": [
    "# we can also check their standard deviation:\n",
    "for _ in arrays:\n",
    "    print(_.std())"
   ]
  },
  {
   "cell_type": "code",
   "execution_count": 25,
   "metadata": {},
   "outputs": [
    {
     "name": "stdout",
     "output_type": "stream",
     "text": [
      "0.0\n",
      "0.5\n",
      "1.707825127659933\n"
     ]
    }
   ],
   "source": [
    "# paranoia tax\n",
    "for _ in arrays:\n",
    "    current_mean = _.mean()\n",
    "    print(np.sqrt(np.sum((_ - current_mean)**2)/len(_)))"
   ]
  },
  {
   "cell_type": "markdown",
   "metadata": {},
   "source": [
    "This makes sense when you consider that our array y had only one value and has a standard deviation of 0. Our array z was slightly more spread out, but still it only had 2 unique values each occuring thrice. Our array w was the most numerically diverse of y, z and w, and hence it had the highest standard deviation."
   ]
  },
  {
   "cell_type": "markdown",
   "metadata": {},
   "source": [
    "### Variance"
   ]
  },
  {
   "cell_type": "markdown",
   "metadata": {},
   "source": [
    "The variance is simply the square of the standard deviation."
   ]
  },
  {
   "cell_type": "markdown",
   "metadata": {},
   "source": [
    "$$ var(x) = \\sigma^2=\\frac{1}{n}\\sum_{i}^{n}(x_i - \\bar{x})^2$$"
   ]
  },
  {
   "cell_type": "code",
   "execution_count": 26,
   "metadata": {},
   "outputs": [
    {
     "data": {
      "text/plain": [
       "array([0.06392189, 0.09739451, 0.06237101, 0.10024299, 0.09487804,\n",
       "       0.06585531, 0.02287157, 0.0518078 , 0.05160125, 0.09595956])"
      ]
     },
     "execution_count": 26,
     "metadata": {},
     "output_type": "execute_result"
    }
   ],
   "source": [
    "x.var(axis=0)"
   ]
  },
  {
   "cell_type": "code",
   "execution_count": 27,
   "metadata": {},
   "outputs": [
    {
     "name": "stdout",
     "output_type": "stream",
     "text": [
      "0.0\n",
      "0.25\n",
      "2.9166666666666665\n"
     ]
    }
   ],
   "source": [
    "# consider the 1d line data again\n",
    "for _ in arrays:\n",
    "    print(_.var())"
   ]
  },
  {
   "cell_type": "markdown",
   "metadata": {},
   "source": [
    "All the measures we looked at so far were dealing with only one dimension. Notice that we have just one number to describe the mean, $\\sigma$ and $\\sigma^2$ for our one-liner data (y,z,w), since they contain only one dimension. However, we had to specify an axis for $x$, since $x$ is a collection of 10 data points with 10 dimensions each. Also notice that when dealing with $x$, all 3 measures had 10 values, that is as many values as the number of dimensions in $x$."
   ]
  },
  {
   "cell_type": "markdown",
   "metadata": {},
   "source": [
    "### Covariance"
   ]
  },
  {
   "cell_type": "markdown",
   "metadata": {},
   "source": [
    "To figure out the interactions between the dimensions and how they vary depending on each other, we introduce the aptly named covariance term. The covariance is always measured between two dimensions. Notice the similarities between the variance and the covariance below:"
   ]
  },
  {
   "cell_type": "markdown",
   "metadata": {},
   "source": [
    "$$ var(x) \\frac{1}{n}\\sum_{i}^{n}(x_i - \\bar{x})(x_i - \\bar{x})$$"
   ]
  },
  {
   "cell_type": "markdown",
   "metadata": {},
   "source": [
    "$$ cov(x,y) = \\frac{1}{n}\\sum_{i}^{n}(x_i - \\bar{x})(y_i - \\bar{y})$$"
   ]
  },
  {
   "cell_type": "markdown",
   "metadata": {},
   "source": [
    "It might be nice to see the covariance of variable on a real dataset rather than the random data we have here:"
   ]
  },
  {
   "cell_type": "code",
   "execution_count": 28,
   "metadata": {},
   "outputs": [
    {
     "data": {
      "text/plain": [
       "(178, 13)"
      ]
     },
     "execution_count": 28,
     "metadata": {},
     "output_type": "execute_result"
    }
   ],
   "source": [
    "# toy data from the wine sklearn dataset\n",
    "from sklearn.datasets import load_wine\n",
    "data = load_wine()[\"data\"]\n",
    "data.shape\n",
    "# we have 13 features"
   ]
  },
  {
   "cell_type": "markdown",
   "metadata": {},
   "source": [
    "Covariance can only capture the variance between <b>2</b> variables. Additionally, we also know that the covarince of a feature with itself is the variance. As far as a count of covariances goes, in this case with 13 features, we will have a 13x13 matrix, since there 12 other features to compare with and one of the feature compared with itself (variance). All of the above mental gymnastics just allows us to express covariance a matrix. The covariance matrix is usually denoted by $\\Sigma$."
   ]
  },
  {
   "cell_type": "code",
   "execution_count": 14,
   "metadata": {},
   "outputs": [
    {
     "data": {
      "text/plain": [
       "(13, 13)"
      ]
     },
     "execution_count": 14,
     "metadata": {},
     "output_type": "execute_result"
    }
   ],
   "source": [
    "# features are in columns, hence rowvar is false\n",
    "np.cov(data, rowvar=False).shape"
   ]
  },
  {
   "cell_type": "code",
   "execution_count": 15,
   "metadata": {},
   "outputs": [
    {
     "data": {
      "text/plain": [
       "array([[ 6.59062328e-01,  8.56113090e-02,  4.71151590e-02,\n",
       "        -8.41092903e-01,  3.13987812e+00,  1.46887218e-01,\n",
       "         1.92033222e-01, -1.57542595e-02,  6.35175205e-02,\n",
       "         1.02828254e+00, -1.33134432e-02,  4.16978226e-02,\n",
       "         1.64567185e+02],\n",
       "       [ 8.56113090e-02,  1.24801540e+00,  5.02770393e-02,\n",
       "         1.07633171e+00, -8.70779534e-01, -2.34337723e-01,\n",
       "        -4.58630366e-01,  4.07333619e-02, -1.41146982e-01,\n",
       "         6.44838183e-01, -1.43325638e-01, -2.92447483e-01,\n",
       "        -6.75488666e+01],\n",
       "       [ 4.71151590e-02,  5.02770393e-02,  7.52646353e-02,\n",
       "         4.06208278e-01,  1.12293658e+00,  2.21455913e-02,\n",
       "         3.15347299e-02,  6.35847140e-03,  1.51557799e-03,\n",
       "         1.64654327e-01, -4.68215451e-03,  7.61835841e-04,\n",
       "         1.93197391e+01],\n",
       "       [-8.41092903e-01,  1.07633171e+00,  4.06208278e-01,\n",
       "         1.11526862e+01, -3.97476036e+00, -6.71149146e-01,\n",
       "        -1.17208281e+00,  1.50421856e-01, -3.77176220e-01,\n",
       "         1.45024186e-01, -2.09118054e-01, -6.56234368e-01,\n",
       "        -4.63355345e+02],\n",
       "       [ 3.13987812e+00, -8.70779534e-01,  1.12293658e+00,\n",
       "        -3.97476036e+00,  2.03989335e+02,  1.91646988e+00,\n",
       "         2.79308703e+00, -4.55563385e-01,  1.93283248e+00,\n",
       "         6.62052061e+00,  1.80851266e-01,  6.69308068e-01,\n",
       "         1.76915870e+03],\n",
       "       [ 1.46887218e-01, -2.34337723e-01,  2.21455913e-02,\n",
       "        -6.71149146e-01,  1.91646988e+00,  3.91689535e-01,\n",
       "         5.40470422e-01, -3.50451247e-02,  2.19373345e-01,\n",
       "        -7.99975192e-02,  6.20388758e-02,  3.11021278e-01,\n",
       "         9.81710573e+01],\n",
       "       [ 1.92033222e-01, -4.58630366e-01,  3.15347299e-02,\n",
       "        -1.17208281e+00,  2.79308703e+00,  5.40470422e-01,\n",
       "         9.97718673e-01, -6.68669999e-02,  3.73147553e-01,\n",
       "        -3.99168626e-01,  1.24081969e-01,  5.58262255e-01,\n",
       "         1.55447492e+02],\n",
       "       [-1.57542595e-02,  4.07333619e-02,  6.35847140e-03,\n",
       "         1.50421856e-01, -4.55563385e-01, -3.50451247e-02,\n",
       "        -6.68669999e-02,  1.54886339e-02, -2.60598680e-02,\n",
       "         4.01205097e-02, -7.47117692e-03, -4.44692440e-02,\n",
       "        -1.22035863e+01],\n",
       "       [ 6.35175205e-02, -1.41146982e-01,  1.51557799e-03,\n",
       "        -3.77176220e-01,  1.93283248e+00,  2.19373345e-01,\n",
       "         3.73147553e-01, -2.60598680e-02,  3.27594668e-01,\n",
       "        -3.35039177e-02,  3.86645655e-02,  2.10932940e-01,\n",
       "         5.95543338e+01],\n",
       "       [ 1.02828254e+00,  6.44838183e-01,  1.64654327e-01,\n",
       "         1.45024186e-01,  6.62052061e+00, -7.99975192e-02,\n",
       "        -3.99168626e-01,  4.01205097e-02, -3.35039177e-02,\n",
       "         5.37444938e+00, -2.76505801e-01, -7.05812576e-01,\n",
       "         2.30767480e+02],\n",
       "       [-1.33134432e-02, -1.43325638e-01, -4.68215451e-03,\n",
       "        -2.09118054e-01,  1.80851266e-01,  6.20388758e-02,\n",
       "         1.24081969e-01, -7.47117692e-03,  3.86645655e-02,\n",
       "        -2.76505801e-01,  5.22449607e-02,  9.17662439e-02,\n",
       "         1.70002234e+01],\n",
       "       [ 4.16978226e-02, -2.92447483e-01,  7.61835841e-04,\n",
       "        -6.56234368e-01,  6.69308068e-01,  3.11021278e-01,\n",
       "         5.58262255e-01, -4.44692440e-02,  2.10932940e-01,\n",
       "        -7.05812576e-01,  9.17662439e-02,  5.04086409e-01,\n",
       "         6.99275256e+01],\n",
       "       [ 1.64567185e+02, -6.75488666e+01,  1.93197391e+01,\n",
       "        -4.63355345e+02,  1.76915870e+03,  9.81710573e+01,\n",
       "         1.55447492e+02, -1.22035863e+01,  5.95543338e+01,\n",
       "         2.30767480e+02,  1.70002234e+01,  6.99275256e+01,\n",
       "         9.91667174e+04]])"
      ]
     },
     "execution_count": 15,
     "metadata": {},
     "output_type": "execute_result"
    }
   ],
   "source": [
    "np.cov(data, rowvar=False)"
   ]
  },
  {
   "cell_type": "markdown",
   "metadata": {},
   "source": [
    "Positive covariance values between two features indicate that as one feature increases the other also increases. Negative values indicate an increase-decrease relation."
   ]
  },
  {
   "cell_type": "markdown",
   "metadata": {},
   "source": [
    "The 13x13 matrix might be a little hard to visualize, so let's look at a covariance matrix with just 4 features, $a, b, c, d$:\n",
    "$$\n",
    "\\Sigma = \\begin{bmatrix}\n",
    "cov(a,a) & cov(a,b) & cov(a,c) & cov(a,d) \\\\\\\\\n",
    "cov(b,a) & cov(b,b) & cov(b,c) & cov(b,d) \\\\\\\\\n",
    "cov(c,a) & cov(c,b) & cov(c,c) & cov(c,d) \\\\\\\\\n",
    "cov(d,a) & cov(d,b) & cov(d,c) & cov(d,d) \\\\\n",
    "\\end{bmatrix}\n",
    "$$"
   ]
  },
  {
   "cell_type": "markdown",
   "metadata": {},
   "source": [
    "### Proof that the covariance matrix is symmetric\n",
    "$$cov(a,b) = cov(b,a)$$\n",
    "This is quite easy to prove, consider:\n",
    "$$ cov(a,b) = \\frac{1}{n}\\sum_{i}^{n}(a_i - \\bar{a})(b_i - \\bar{b})$$\n",
    "$$ cov(b,a) = \\frac{1}{n}\\sum_{i}^{n}(b_i - \\bar{b})(a_i - \\bar{a})$$\n",
    "We know that multiplication is commutative, i.e. $ab = ba$. This makes the covariance matrix a symmetric matrix.😁"
   ]
  },
  {
   "cell_type": "markdown",
   "metadata": {},
   "source": [
    "<hr>"
   ]
  },
  {
   "cell_type": "markdown",
   "metadata": {},
   "source": [
    "## Serious math"
   ]
  },
  {
   "cell_type": "markdown",
   "metadata": {},
   "source": [
    "Let's talk about matrices and their products. We can multiple two matrices $\\mathbf{A}$ with dimensions (x,y) and $\\mathbf{B}$, with dimensions (u,v), if and only if, y = u, i.e. the number of columns in $\\mathbf{A}$ is the same as the number of rows in $\\mathbf{B}$. The matrix product itself in this case will be (x,v) dimensional."
   ]
  },
  {
   "cell_type": "code",
   "execution_count": 16,
   "metadata": {},
   "outputs": [
    {
     "data": {
      "text/plain": [
       "(10, 20)"
      ]
     },
     "execution_count": 16,
     "metadata": {},
     "output_type": "execute_result"
    }
   ],
   "source": [
    "# let's say I have two matrices and I try to multiply them:\n",
    "a = np.random.rand(10,10)\n",
    "b = np.random.rand(10,20)\n",
    "a.dot(b).shape"
   ]
  },
  {
   "cell_type": "markdown",
   "metadata": {},
   "source": [
    "Every linear transformation $T: \\mathbb{R}^m \\rightarrow \\mathbb{R}^n$ can be represented as matrix. Going from $m$ to $n$ dimensions? I bet that sounds kinda familiar. PCA is nothing but a linear transformation.\n",
    "<hr>"
   ]
  },
  {
   "cell_type": "markdown",
   "metadata": {},
   "source": [
    "### Eigenvalues and Eigenvectors"
   ]
  },
  {
   "cell_type": "markdown",
   "metadata": {},
   "source": [
    "Say we have a vector $x$ and a matrix $\\mathbf{A}$. Almost all vectors change direction when multipled by a matrix, i.e. they point in a different direction. When this multiplication with a matrix does not change the direction of $x$, then $x$ is called an eigenvector.\n",
    "$$\\mathbf{A}x = \\lambda x$$\n",
    "$\\lambda$ is the eigenvalue of the matrix $\\mathbf{A}$. While $\\mathbf{A}$ may not change the direction of x, it does change the magnitude. The eigenvalue $\\lambda$ tells us whether $\\mathbf{A}$ increased / decreased / did neither vis-a-vis the magnitude of the eigenvector $x$."
   ]
  },
  {
   "cell_type": "markdown",
   "metadata": {},
   "source": [
    "### Eigenvalues visualized"
   ]
  },
  {
   "cell_type": "markdown",
   "metadata": {},
   "source": [
    "Right now, we kind of understand when we can multiply two matrices. The same principles apply when we're multiplying a matrix with a vector."
   ]
  },
  {
   "cell_type": "code",
   "execution_count": 36,
   "metadata": {},
   "outputs": [
    {
     "data": {
      "text/plain": [
       "array([[0.52496104],\n",
       "       [1.01737068],\n",
       "       [1.03492964]])"
      ]
     },
     "execution_count": 36,
     "metadata": {},
     "output_type": "execute_result"
    }
   ],
   "source": [
    "# for instance:\n",
    "matrix1 = np.random.rand(3,3)\n",
    "vector1 = np.random.rand(3,1)\n",
    "# we can multiply matrix1 and vector1 because: (3x3)x(3x1), \n",
    "# both the inner dimensions are the same just as in the\n",
    "# matrix to matrix multiplication\n",
    "matrix1.dot(vector1)"
   ]
  },
  {
   "cell_type": "markdown",
   "metadata": {},
   "source": [
    "I found I daresay my favorite example and demonstration of this concept in book called \"The Manga Guide to Linear Algebra\". With thanks, I'll be using the same example as the book.  \n",
    "We know that we can multiply vectors and matrices under a certain condition on their dimensions. But what happens when we multiply a matrix and a vector?"
   ]
  },
  {
   "cell_type": "code",
   "execution_count": 47,
   "metadata": {},
   "outputs": [],
   "source": [
    "# Consider the following two vectors:\n",
    "vector1 = np.array([3, 1]) # represents the point, x=3, y=1\n",
    "vector2 = np.array([1, 2]) # represents the point x=1, y=2"
   ]
  },
  {
   "cell_type": "code",
   "execution_count": 62,
   "metadata": {},
   "outputs": [
    {
     "data": {
      "text/plain": [
       "array([[3, 1],\n",
       "       [1, 2]])"
      ]
     },
     "execution_count": 62,
     "metadata": {},
     "output_type": "execute_result"
    }
   ],
   "source": [
    "np.array([vector1, vector2])"
   ]
  },
  {
   "cell_type": "code",
   "execution_count": 88,
   "metadata": {},
   "outputs": [],
   "source": [
    "def plot_vectors(list_of_vectors):\n",
    "    # https://saturncloud.io/blog/how-to-plot-vectors-in-python-using-matplotlib-a-guide-for-data-scientists/\n",
    "    fig, ax = plt.subplots()\n",
    "    # colors = list(\"bgrcmy\")\n",
    "    for vector in list_of_vectors:\n",
    "        ax.quiver(0, 0, vector[0], vector[1], angles='xy', scale_units='xy', scale=1, color=random.choice(list(mcolors.TABLEAU_COLORS.values())\n",
    "))\n",
    "    xlim = max(np.array(list_of_vectors).max(axis=0))\n",
    "    ylim = max(np.array(list_of_vectors).max(axis=1))\n",
    "    ax.set_xlim([-xlim-1, xlim+1])\n",
    "    ax.set_ylim([-ylim-1, ylim+1])\n",
    "    # plt.grid()\n",
    "    plt.xlabel(\"x axis\")\n",
    "    plt.ylabel(\"y axis\")\n",
    "    plt.title(\"Figure 1: Initial vectors\")\n",
    "    plt.show()"
   ]
  },
  {
   "cell_type": "code",
   "execution_count": 89,
   "metadata": {},
   "outputs": [
    {
     "data": {
